// 0x00000000
00000000000000000000010000000000
10000000000000000000000000000000
11000000000000000000000000000000
00000000000000000000000000101001
00000000000000000010000000000000
11111111111111111111111110000101
00000000000000000000000000001010
11111111111111111111111110000101
10000000000000000000000000000000
11111111111111111111111111110101
11000000000000000000000000000000
00000000000000000010000000000000
00000000000000000000000000001100
00000000000000000000000000001101
00000000000000000000000000001110
